9.139361383859068155e-03
1.374732854310423222e-03
4.383191379019990672e-04
1.420005006366409307e-04
8.408937137573956901e-05
4.569386510411277413e-05
3.734251222340389951e-05
3.241923823225078969e-05
2.989108470501378111e-05
2.784163589240051670e-05
2.611500985949533060e-05
2.465281795593909919e-05
2.333749143872409991e-05
2.204818592872470685e-05
2.086979511659592255e-05
1.989656211662804572e-05
1.911082654260098934e-05
1.835937091527739608e-05
1.762264882927411304e-05
1.696628887657425231e-05
1.635544476812356084e-05
1.579869403940392726e-05
1.528092234366340630e-05
1.480169348724302802e-05
1.436216143702040426e-05
1.397068826918257333e-05
1.359612915621255491e-05
1.327721565758110955e-05
1.301714664805331234e-05
1.278871404792880707e-05
1.261344777958584018e-05
1.243922733920044232e-05
1.239932635144214146e-05
1.242491262019029852e-05
1.245346957148285549e-05
1.245524790647323277e-05
1.240748460986651446e-05
1.228941009685513631e-05
1.209822739838273197e-05
1.186741228593746268e-05
1.162797398137627136e-05
1.136189021053724025e-05
1.104576622310560231e-05
1.066588001776835847e-05
1.022953101710300029e-05
9.775751141205547124e-06
9.369782128487713974e-06
9.066503980648122474e-06
8.869345720086130314e-06
8.725177212909330360e-06
8.597840178481419571e-06
8.489449101034551859e-06
8.398262571063241583e-06
8.319311655213823881e-06
8.249365191659307361e-06
8.190111248040921732e-06
8.139204646795406345e-06
8.097121008177054368e-06
8.059365973167586733e-06
8.010083820408909328e-06
7.916558615761459805e-06
7.840939269954106178e-06
7.866699206715566106e-06
7.974680056577198461e-06
8.073741582848015241e-06
8.116653043543920260e-06
8.100184822978917848e-06
8.046638913583593189e-06
7.991231814230560071e-06
7.957703382999170910e-06
7.946301275296719152e-06
7.942025649754214778e-06
7.932358039397513833e-06
7.901568324086838402e-06
7.849674329918342896e-06
7.783165347063914619e-06
7.702808761678171090e-06
7.605870814586524259e-06
7.491958103855722414e-06
7.347704740823246369e-06
7.174314850999507714e-06
6.962025054235709831e-06
6.730038285240879875e-06
6.537894296343438158e-06
6.410441756088403054e-06
6.364964474414591847e-06
6.433464568544877354e-06
6.617990493396064267e-06
7.104208089003805410e-06
7.597918875035248104e-06
7.313091191463172266e-06
7.184395872172899375e-06
7.459638527507195080e-06
7.574966093670809472e-06
7.800559978932142597e-06
8.123180623442750170e-06
9.098533064388903197e-06
1.109122067646239850e-05
1.689663622528314590e-05
2.250808397548098651e-05
1.295705551456194303e-05
8.220489326049573381e-06
6.768090588593622500e-06
6.364725459206966091e-06
5.932010299147805030e-06
6.127493861640687101e-06
5.978473927825688977e-06
6.029399992257822644e-06
6.208714921740465797e-06
6.248378576856339689e-06
6.264393960009329021e-06
6.321033151834854094e-06
6.403386896636220288e-06
6.483565448434091766e-06
6.542265964526450261e-06
6.567171385540859604e-06
6.557598862855229696e-06
6.526174684040597809e-06
6.482538901764201339e-06
6.419721330530592240e-06
6.318770556390518492e-06
6.163891066535143520e-06
5.944547365288599564e-06
5.683325434802100401e-06
5.451368951980839314e-06
5.314660074873245152e-06
5.258063492874498648e-06
5.214348539084312167e-06
5.194303184907766990e-06
5.176380318516748619e-06
5.179540357858058658e-06
5.621741956929327328e-06
2.398314786660193864e-05
8.218433822548832491e-06
9.243378553946967490e-06
1.123161855502985350e-05
9.470540135225746781e-06
6.884756248837220313e-06
5.265827735456696415e-06
5.325011215973063372e-06
5.872049496247200465e-06
6.448413341786363332e-06
6.613368850594270212e-06
6.409069783330778591e-06
6.115486985436291264e-06
5.874718090126406994e-06
5.671125450135150459e-06
5.452854748000390997e-06
5.245243869467230979e-06
5.093327877148112409e-06
5.052691221862914972e-06
5.046946762377047319e-06
5.052209212408343203e-06
5.427009273262228647e-06
7.850915926610468548e-06
6.932993892405648123e-06
5.189577086639473807e-06
5.714555777558416933e-06
5.325700976754888300e-06
7.368672959273680706e-06
8.262185110652353276e-06
5.680283379660977516e-06
6.714843107147317083e-06
5.689132376573980024e-06
6.627979928452987224e-06
6.212263451743638482e-06
6.853572381260164887e-06
6.737673356838058850e-06
7.188059316831640730e-06
7.575109839308424514e-06
8.969292639449123039e-06
1.263606482098111815e-05
2.118622214766219394e-05
1.637591158214490793e-05
7.843042294553014703e-06
6.476783505604544528e-06
5.354884069674881006e-06
5.559200781135587361e-06
5.209174696574337188e-06
5.295959226714330725e-06
5.747442901338217611e-06
6.095855405874317851e-06
6.149410501166130077e-06
5.983952041788142767e-06
5.780167771263222506e-06
5.636875084746862000e-06
5.565883157032658346e-06
5.521542152564506808e-06
5.414689348981483247e-06
5.191389891479047777e-06
4.925508619635365903e-06
4.753288226311269512e-06
4.705878063759883273e-06
4.691971162174013104e-06
4.723406391349271871e-06
4.956820976076414639e-06
6.638792274316074157e-06
6.963368468859698285e-06
5.268889208309701813e-06
4.832591389458684547e-06
